0 0 0 0:00:00 0 0.0 0.0 0:00:00 0 
1 1 1 0:00:00.001001 1 1.0 1.0 0:00:00.001001 1 
2 0 0 0:00:00 0 0.0 0.0 0:00:00 0 
3 1 1 0:00:00.001002 1 1.0 1.0 0:00:00.001001 1 
4 4 10 0:00:00.003003 4 4.0 10.0 0:00:00.004004 4 
5 3 6 0:00:00.001001 3 3.0 6.0 0:00:00.002002 3 
6 4 10 0:00:00.003002 4 4.0 10.0 0:00:00.002002 4 
7 3 6 0:00:00.001001 3 3.0 6.0 0:00:00.002001 3 
8 0 0 0:00:00 0 0.0 0.0 0:00:00 0 
9 5 15 0:00:00.003003 5 3.8284271247461903 13.242640687119286 0:00:00.003003 5 
10 4 10 0:00:00.003003 4 4.0 10.0 0:00:00.002001 4 
11 9 45 0:00:00.005005 9 9.0 45.0 0:00:00.006006 9 
12 4 10 0:00:00.002002 4 4.0 10.0 0:00:00.002002 4 
13 3 6 0:00:00.002002 3 3.0 6.0 0:00:00.002001 3 
14 6 21 0:00:00.004004 6 6.0 21.0 0:00:00.005005 6 
15 7 28 0:00:00.005005 7 7.0 28.0 0:00:00.004003 7 
16 12 78 0:00:00.008008 12 12.0 78.0 0:00:00.007006 12 
17 9 45 0:00:00.005005 9 9.0 45.0 0:00:00.005004 9 
18 4 10 0:00:00.003003 4 4.0 10.0 0:00:00.004004 4 
19 9 45 0:00:00.017016 9 7.82842712474619 43.242640687119284 0:00:00.018017 9 
20 12 78 0:00:00.007008 12 10.82842712474619 72.72792206135786 0:00:00.008006 12 
21 13 91 0:00:00.012011 13 12.414213562373096 86.89949493661166 0:00:00.014014 13 
22 14 105 0:00:00.008008 14 13.414213562373096 551.0037163783622 0:00:00.398379 102 
23 5 15 0:00:00.002002 5 5.0 15.0 0:00:00.003002 5 
24 12 353 0:00:00.146139 58 11.414213562373096 119.2132034355964 0:00:00.049046 20 
25 7 28 0:00:00.005004 7 7.0 28.0 0:00:00.004004 7 
26 6 21 0:00:00.004004 6 6.0 21.0 0:00:00.004004 6 
27 9 45 0:00:00.005005 9 9.0 45.0 0:00:00.006057 9 
28 12 137 0:00:00.026025 22 11.414213562373096 128.79898987322332 0:00:00.036034 22 
29 9 45 0:00:00.008008 9 7.242640687119285 40.89949493661167 0:00:00.007006 9 
30 6 21 0:00:00.004005 6 6.0 21.0 0:00:00.004003 6 
31 17 153 0:00:00.011011 17 15.828427124746192 147.14213562373092 0:00:00.012011 17 
32 12 102 0:00:00.014083 16 10.242640687119286 93.79898987322332 0:00:00.017016 16 
33 15 632 0:00:00.622592 95 13.650281539872886 501.85407633110685 0:00:00.415395 83 
34 14 1834 0:00:01.826737 212 12.650281539872886 1233.0224311265163 0:00:00.970924 162 
35 13 386 0:00:00.388369 55 10.478708664619075 77.57826161758817 0:00:00.011011 13 
36 10 55 0:00:00.006006 10 8.82842712474619 47.38477631085024 0:00:00.007007 10 
37 7 255 0:00:00.525500 45 6.414213562373095 357.9883868547544 0:00:00.293278 69 
38 16 792 0:00:00.857960 104 14.242640687119286 779.9648500859628 0:00:01.781744 118 
39 15 912 0:00:00.609580 111 13.242640687119284 754.4169880285743 0:00:07.311009 109 
40 12 316 0:00:00.193184 52 10.82842712474619 434.9959116747933 0:00:00.390371 84 
41 13 329 0:00:00.194185 53 10.478708664619075 286.60894106131747 0:00:01.522449 47 
42 14 417 0:00:00.251239 66 13.414213562373096 381.50624169530363 0:00:00.267254 66 
43 21 800 0:00:00.544519 91 16.950844619618657 667.7498636495798 0:00:00.530504 99 
44 18 513 0:00:00.296282 74 15.478708664619074 296.93703717174753 0:00:00.087083 52 
45 15 141 0:00:00.021020 17 13.242640687119286 125.7695526217005 0:00:01.460442 17 
46 16 236 0:00:00.116110 32 13.300563079745771 203.4527079079282 0:00:00.248236 32 
47 17 253 0:00:00.032080 37 13.892922226992173 131.69315429242192 0:00:00.013013 19 
48 12 189 0:00:00.107103 30 10.06449510224598 165.1368051063178 0:00:00.244281 30 
49 27 1732 0:00:03.604428 211 20.785844453984343 1308.141992290131 0:00:02.340226 147 
50 18 537 0:00:00.137130 74 15.65685424949238 1000.4097736868368 0:00:02.403285 134 
51 19 1240 0:00:02.246136 159 16.656854249492383 799.3359110122565 0:00:06.922584 113 
52 14 105 0:00:00.009008 14 13.414213562373096 101.48528137423855 0:00:00.009009 14 
53 17 174 0:00:00.015015 19 13.714776642118867 508.0115414784454 0:00:01.629549 77 
54 16 527 0:00:00.462441 66 12.714776642118865 590.2466471472685 0:00:00.535509 96 
55 13 417 0:00:00.249237 69 11.242640687119286 319.47680444378057 0:00:00.245233 59 
56 18 313 0:00:00.059058 46 15.404918347287664 347.62148207495017 0:00:00.089083 54 
57 9 45 0:00:00.006005 9 9.0 45.0 0:00:00.006006 9 
58 8 868 0:00:03.239080 148 7.414213562373095 706.7097362064937 0:00:08.473059 112 
59 17 239 0:00:00.066062 25 15.06449510224598 603.6562024191176 0:00:02.053954 91 
60 18 999 0:00:00.884842 114 14.892922226992171 779.1417738751439 0:00:02.218109 94 
61 13 148 0:00:00.041039 19 11.242640687119284 130.42640687119288 0:00:06.440127 19 
62 22 516 0:00:00.111104 56 18.48528137423857 736.4594684377622 0:00:00.416396 90 
63 13 156 0:00:00.024078 23 11.06449510224598 141.22854315746102 0:00:00.029028 23 
64 14 382 0:00:00.525500 56 12.242640687119287 681.211309413016 0:00:01.980884 114 
65 9 45 0:00:00.006006 9 9.0 45.0 0:00:00.006005 9 
66 16 285 0:00:00.134128 38 15.414213562373096 519.6267651675948 0:00:01.758673 74 
67 19 1377 0:00:02.051952 189 16.812559200041264 962.936050688069 0:00:00.432411 125 
68 16 191 0:00:00.019018 22 14.242640687119286 178.11269837220806 0:00:00.019018 22 
69 17 688 0:00:00.667728 95 14.886349517372675 635.3862468045917 0:00:00.174166 69 
70 20 1501 0:00:03.162007 186 16.307135789365265 1418.2137629236609 0:00:02.467347 208 
71 15 285 0:00:00.238227 37 13.650281539872886 281.1684366604664 0:00:01.528453 39 
72 20 432 0:00:00.252241 44 17.886349517372675 494.4846295438641 0:00:01.579501 68 
73 25 2263 0:00:04.336124 249 20.77269903474535 1558.7685752902048 0:00:01.510437 161 
74 22 748 0:00:00.696663 72 19.70820393249937 1067.3467904620702 0:00:01.792706 122 
75 21 763 0:00:00.612580 81 18.30056307974577 1036.6185987154395 0:00:00.688655 145 
76 24 2187 0:00:04.783549 266 20.714776642118863 1861.6773932191059 0:00:05.764483 214 
77 21 1247 0:00:06.343033 165 17.94427190999916 957.7059379630745 0:00:03.832645 127 
78 14 186 0:00:00.054052 28 11.656854249492381 470.9796198425096 0:00:00.389370 90 
79 17 1602 0:00:02.329216 191 13.94427190999916 821.1428295953211 0:00:00.784747 123 
80 24 2000 0:00:12.717416 228 19.365058181991753 901.3852746093663 0:00:00.257245 108 
81 13 220 0:00:00.060056 39 12.414213562373096 239.13365869327302 0:00:00.052050 39 
82 26 2949 0:00:12.918247 366 21.54320376686506 827.0744122433824 0:00:00.337321 98 
83 19 466 0:00:00.542516 51 16.30056307974577 493.613619748356 0:00:06.936598 61 
84 18 318 0:00:00.057054 48 15.65685424949238 154.01219330881975 0:00:00.016015 18 
85 13 238 0:00:00.091087 35 11.06449510224598 400.6987748916223 0:00:00.297283 73 
86 24 873 0:00:00.663631 82 19.950844619618657 485.98210422692205 0:00:01.665586 52 
87 23 1125 0:00:00.856223 133 19.084259940083065 1148.063126060989 0:00:02.252255 175 
88 24 872 0:00:00.476454 104 19.543203766865055 669.4029210936869 0:00:00.342325 88 
89 21 2383 0:00:02.768634 225 18.30056307974577 1528.994826429032 0:00:01.218158 163 
90 22 625 0:00:00.491470 66 19.478708664619077 491.8922703966176 0:00:00.185176 62 
91 15 410 0:00:00.070132 51 15.0 847.7314070451998 0:00:07.804423 107 
92 16 237 0:00:00.164156 26 14.064495102245981 1078.9970720019426 0:00:05.247992 148 
93 17 1323 0:00:03.049901 185 14.478708664619075 928.8324718206009 0:00:02.256146 133 
94 24 2305 0:00:05.936647 222 22.06449510224598 1107.488345922226 0:00:07.373013 138 
95 19 2318 0:00:09.942457 303 16.478708664619077 1116.0788314434064 0:00:02.779643 149 
96 18 1011 0:00:05.518249 142 16.650281539872886 1506.9895471819036 0:00:01.302284 164 
97 25 3810 0:00:15.095413 383 20.950844619618653 1117.548464008864 0:00:01.230169 153 
98 26 1068 0:00:00.219209 120 21.13556291411146 617.5703750489619 0:00:00.128122 70 
99 21 2195 0:00:04.944702 277 17.89292222699217 470.0222127115287 0:00:06.953709 59 
100 24 963 0:00:00.183174 98 20.714776642118863 1425.1276105029779 0:00:00.698665 170 
101 17 790 0:00:01.616594 91 14.478708664619075 975.732218603295 0:00:07.588217 133 
102 26 1409 0:00:01.273211 162 23.22677276241436 609.2963121507494 0:00:00.131125 68 
103 15 1821 0:00:06.804472 181 14.414213562373096 1410.962563720023 0:00:01.010961 171 
104 20 777 0:00:00.697664 90 16.48528137423857 969.5293042556797 0:00:03.720598 130 
105 29 1423 0:00:01.378311 149 22.96399003885765 944.6811590020747 0:00:00.345328 115 
106 22 1933 0:00:07.025712 242 17.89949493661167 459.6016961248084 0:00:01.574551 52 
107 19 1908 0:00:05.880593 219 16.255832815336873 968.8062561722436 0:00:01.096042 119 
108 22 2626 0:00:01.258196 216 18.640986324787455 667.2002016666136 0:00:00.186178 96 
109 19 1339 0:00:00.565538 157 16.478708664619077 1295.280292698303 0:00:00.623593 161 
110 20 263 0:00:00.024023 26 17.656854249492383 244.84062043356596 0:00:00.025024 26 
111 13 1512 0:00:00.686748 163 10.990704784914572 1017.3703671885467 0:00:04.182979 135 
112 20 2085 0:00:10.438929 278 16.05519988716055 1011.2304979009994 0:00:07.162867 132 
113 23 3636 0:00:11.575009 375 19.307135789365265 537.1154830366654 0:00:01.676595 61 
114 30 4204 0:00:06.022730 376 23.97060945745574 2499.1686513938803 0:00:03.921767 292 
115 21 623 0:00:00.469447 77 17.307135789365265 472.0813670981041 0:00:01.568542 65 
116 22 1459 0:00:02.105002 162 18.53663105724556 879.9429580509924 0:00:00.521496 124 
117 25 3546 0:00:37.735232 383 21.358485472372255 1402.6545064150123 0:00:02.312199 203 
118 24 2373 0:00:05.071824 274 19.721349351738365 1476.0051769855559 0:00:08.134736 194 
119 33 1844 0:00:01.267205 155 29.128990204491963 974.4545302637086 0:00:07.592586 83 
120 32 2039 0:00:04.014819 178 26.24483498974493 1187.6043783107793 0:00:08.073721 112 
121 21 690 0:00:00.242231 71 17.714776642118867 623.7776678035714 0:00:01.542467 87 
122 20 1598 0:00:02.037938 184 17.478708664619077 884.2773469875124 0:00:07.168818 100 
123 17 545 0:00:03.183028 69 15.242640687119286 719.8922601983606 0:00:08.448142 103 
124 24 1309 0:00:00.917874 134 20.64098632478746 1415.7365320700203 0:00:00.923878 152 
125 19 2145 0:00:00.917873 185 16.886349517372675 1236.387199226721 0:00:07.757430 137 
126 18 1995 0:00:06.451136 246 16.47213595499958 875.7112786787445 0:00:07.823441 114 
127 25 2455 0:00:08.757329 245 20.29126786466034 677.5193449782726 0:00:00.195185 83 
128 24 1553 0:00:04.492273 186 19.950844619618657 1235.8345562207219 0:00:00.828788 150 
129 21 2070 0:00:05.244989 247 18.478708664619077 1343.6138177668308 0:00:01.719635 185 
130 22 1459 0:00:02.187080 150 18.819131909660758 867.2507130472176 0:00:00.259247 88 
131 27 2088 0:00:00.373355 143 22.186912597118447 1518.1619903025198 0:00:02.288233 139 
132 24 1430 0:00:05.034789 192 18.95741732923815 1156.2024707339726 0:00:01.686604 170 
133 31 2019 0:00:04.158955 193 24.511467917455203 1582.4792105966856 0:00:02.268158 171 
134 30 7065 0:00:06.109811 602 24.25311030987094 1242.9862402087986 0:00:01.855766 120 
135 29 4187 0:00:15.768578 405 23.734541479955947 1967.3670629679268 0:00:01.641561 199 
136 24 1873 0:00:04.890652 174 19.950844619618653 1006.0427908874923 0:00:00.976929 140 
137 19 1612 0:00:01.150094 155 16.70820393249937 595.2860799332614 0:00:00.330314 79 
138 38 1732 0:00:00.580552 132 30.257980408983922 1745.0288244023498 0:00:02.917775 184 
139 25 583 0:00:00.252240 53 20.543203766865055 494.2817151962488 0:00:01.551475 51 
140 32 1909 0:00:01.825824 186 24.948122114152724 1275.9323991878907 0:00:01.397377 162 
141 21 1127 0:00:00.208198 117 17.46284073991415 1432.0253450808002 0:00:08.165868 155 
142 30 4758 0:00:06.751420 392 24.47598615915314 2304.3894424032414 0:00:03.155001 192 
143 25 3043 0:00:19.460510 333 20.83232403787835 1836.4762841836769 0:00:08.092749 193 
144 26 3986 0:00:13.388734 408 21.54320376686506 1909.4985939381793 0:00:09.322867 222 
145 23 1068 0:00:00.313298 115 19.640986324787455 1741.3042939409265 0:00:08.420009 201 
146 20 1448 0:00:00.462440 148 17.886349517372675 1721.9961300897817 0:00:08.785393 202 
147 13 711 0:00:00.745709 97 11.242640687119286 474.07602638243384 0:00:01.846757 75 
148 32 1786 0:00:00.713760 124 25.60769886911104 1179.6472136686712 0:00:00.507534 134 
149 27 2488 0:00:05.670393 207 23.567196007456044 2295.108345272362 0:00:03.110998 209 
150 14 311 0:00:00.364346 50 11.30056307974577 241.63304779542722 0:00:00.242231 44 
151 31 2858 0:00:04.852616 235 26.950844619618657 2374.5301492895655 0:00:11.166620 259 
152 30 2233 0:00:01.834746 170 24.09725435508211 1828.3573980667722 0:00:00.665633 186 
153 33 1999 0:00:00.844803 197 27.09725435508211 1813.0900086709896 0:00:02.642513 227 
154 20 1999 0:00:01.433364 210 16.714776642118867 2116.4162438558883 0:00:05.747466 240 
155 25 1308 0:00:00.273312 107 21.128990204491963 733.039084707387 0:00:01.759674 79 
156 28 1414 0:00:00.371405 128 25.30056307974577 1705.560641882524 0:00:07.663289 168 
157 27 1390 0:00:01.373306 127 23.358485472372255 1868.7547219928422 0:00:02.960816 235 
158 28 2646 0:00:03.452284 284 23.113122279787035 1554.405234709744 0:00:07.720343 158 
159 19 764 0:00:01.010961 111 15.892922226992171 1164.9134659626668 0:00:01.679636 169 
160 24 2216 0:00:04.898659 260 20.12899020449196 1555.3093335686629 0:00:01.759674 196 
161 33 3545 0:00:07.799568 349 25.954741532750813 1816.2172612042702 0:00:04.319107 179 
162 32 1789 0:00:02.688597 178 26.119694989406533 2181.962569833337 0:00:00.671688 196 
163 27 1334 0:00:01.215156 119 23.210904837709435 1611.23357795418 0:00:07.794579 151 
164 30 1180 0:00:00.342326 92 22.94812211415272 1009.4487491376067 0:00:01.788701 96 
165 25 3352 0:00:06.255950 287 20.72134935173836 1832.1712966853117 0:00:02.897756 193 
166 36 2959 0:00:01.428358 226 28.85189116249689 2309.610714247533 0:00:01.679598 190 
167 27 833 0:00:00.270258 65 21.60112615949154 960.6113435806732 0:00:01.846756 97 
168 24 1652 0:00:00.887844 132 19.87705430228725 1768.4899557471747 0:00:05.176834 210 
169 29 2468 0:00:02.085019 219 23.705481427033433 2007.6916995743306 0:00:03.062913 201 
170 26 845 0:00:01.606529 74 21.49847350245616 1039.3070633269667 0:00:00.440418 112 
171 23 2064 0:00:01.095078 175 19.46284073991415 1997.876238353288 0:00:02.462342 233 
172 26 1107 0:00:00.342326 114 20.52733584216013 860.2337223335841 0:00:00.255243 98 
173 25 4089 0:00:07.741363 365 20.950844619618653 1426.246725805662 0:00:01.278249 147 
174 32 2616 0:00:01.379312 244 24.36895509512391 1954.0743498631343 0:00:02.888747 238 
175 17 1556 0:00:03.838704 203 15.82842712474619 1428.0969252349564 0:00:08.865432 169 
176 28 3177 0:00:09.167719 310 24.284695155040843 2029.8936659687508 0:00:02.356241 228 
177 25 1196 0:00:01.690608 135 20.950844619618657 940.4733166786627 0:00:01.933840 99 
178 28 2559 0:00:02.604477 282 22.349190257286825 1717.1948596077036 0:00:00.613584 184 
179 21 2422 0:00:06.199897 259 19.650281539872886 2297.9023855562286 0:00:03.329166 293 
180 20 2366 0:00:03.063914 228 17.886349517372675 2443.947172727869 0:00:09.624259 262 
181 23 2195 0:00:08.230828 225 20.07106781186548 934.3367608611043 0:00:01.568492 119 
182 34 2460 0:00:01.936842 196 27.021912431484132 2265.414066734233 0:00:01.833744 236 
183 33 3400 0:00:10.631147 359 26.081537434617132 2368.8629711289927 0:00:03.502332 281 
184 32 2687 0:00:13.814139 306 26.193485306737944 1884.2052248036573 0:00:07.689314 186 
185 27 943 0:00:00.856815 77 20.890199721526237 918.2044030473041 0:00:07.948560 97 
186 14 494 0:00:00.109104 64 12.064495102245981 476.3578234437405 0:00:01.541466 66 
187 27 1777 0:00:06.733405 181 21.371630891611247 1707.9017995134473 0:00:02.558433 185 
188 32 2204 0:00:00.399380 164 25.13288711762412 2682.559788734737 0:00:08.608187 248 
189 29 3367 0:00:05.702424 329 24.365058181991753 1406.4860283708044 0:00:01.383315 135 
190 14 550 0:00:00.274261 84 12.242640687119286 232.4057366319151 0:00:00.249237 36 
191 25 1495 0:00:05.094846 173 20.186912597118447 1871.7006930043053 0:00:03.978784 215 
192 24 1700 0:00:05.373111 188 18.779271744364845 1459.2581169589146 0:00:02.460541 164 
193 17 2961 0:00:06.541221 289 15.06449510224598 838.1471247890717 0:00:00.162154 95 
194 34 1282 0:00:00.183174 96 27.42955328423773 1697.7146842998047 0:00:02.629501 164 
195 31 3217 0:00:05.192073 329 24.89681914012433 2094.8073897616737 0:00:07.843460 197 
196 22 973 0:00:00.644613 98 17.72134935173836 1233.7935160222094 0:00:00.538512 152 
197 45 3716 0:00:00.328312 199 35.97601126787587 4216.061600784989 0:00:01.399331 289 
198 22 1648 0:00:03.175020 212 18.640986324787455 771.3931349022722 0:00:00.118112 84 
199 25 1263 0:00:00.425404 141 21.233345472033854 1355.3017925763643 0:00:01.540465 177 
200 32 2353 0:00:02.078978 166 26.83889674749785 1481.9455062062823 0:00:01.244220 164 
201 19 660 0:00:00.559533 71 15.640986324787455 738.4076268089794 0:00:01.895803 97 
202 26 3298 0:00:01.611585 288 21.64755903440695 1519.9649673622498 0:00:00.290276 118 
203 29 2172 0:00:01.296233 183 24.803263984955834 1523.320145733118 0:00:01.259198 145 
204 22 2053 0:00:03.854667 198 18.12899020449196 1694.6328840653127 0:00:05.493224 194 
205 25 3029 0:00:00.763726 249 19.957417329238154 1858.8863575300097 0:00:02.796660 209 
206 28 2230 0:00:05.625350 204 21.251407699364425 929.9864007688582 0:00:07.447170 100 
207 21 2369 0:00:09.310943 257 18.404918347287666 1314.9585920789025 0:00:07.744366 167 
208 26 1769 0:00:07.352032 170 20.371630891611247 2432.0727867947394 0:00:04.086938 256 
209 35 2129 0:00:01.317303 153 27.9256814798283 2287.0326073661563 0:00:09.283830 233 
210 28 1038 0:00:00.378360 84 22.119694989406533 962.5271268778445 0:00:01.684602 102 
211 25 3514 0:00:17.701394 387 20.42468318512475 1125.08987503267 0:00:00.246235 111 
212 22 899 0:00:01.158102 86 19.30056307974577 1791.0736683496962 0:00:05.989040 214 
213 25 2604 0:00:03.946754 283 23.064495102245978 1039.129188222964 0:00:00.373355 117 
214 24 1567 0:00:02.658529 170 19.29126786466034 1066.939221654856 0:00:03.339176 124 
215 27 1617 0:00:07.878493 193 22.13556291411146 862.2087737583165 0:00:00.970924 107 
216 22 2423 0:00:05.398211 278 19.30056307974577 992.55751971151 0:00:00.702669 128 
217 33 2300 0:00:00.575547 159 26.896819140124325 1770.8587517931767 0:00:00.685652 153 
218 28 1121 0:00:00.465622 106 22.349190257286825 1725.4772296593537 0:00:02.056956 208 
219 37 2432 0:00:03.460292 235 28.508943125207814 1402.4147843985772 0:00:00.269256 115 
220 26 1507 0:00:00.734699 146 21.594553449872045 1572.1679276663128 0:00:00.689655 176 
221 17 1046 0:00:01.497463 147 14.478708664619075 729.8696857382445 0:00:01.976936 99 
222 30 2985 0:00:07.877493 238 24.275399939955413 1542.853812826976 0:00:01.308303 150 
223 25 1729 0:00:00.838798 157 22.122417494872465 1833.2576330881657 0:00:00.880877 203 
224 32 3640 0:00:08.707282 348 24.257980408983922 1214.453626216911 0:00:00.699665 128 
225 35 3731 0:00:01.548513 261 28.68961350232851 2902.691478114813 0:00:02.450381 277 
226 24 2258 0:00:10.055564 248 19.31370849898476 1250.907818335213 0:00:02.107045 174 
227 19 3091 0:00:08.534117 349 16.886349517372675 1746.0355663474982 0:00:02.666587 205 
228 32 2110 0:00:03.170015 196 26.601126159491542 1812.142953534566 0:00:02.826729 200 
229 33 3674 0:00:04.734503 303 26.941549404533227 2305.3422420413253 0:00:02.291179 247 
230 34 4806 0:00:05.286028 436 27.585258234786615 1551.9922636548708 0:00:02.189082 152 
231 25 2501 0:00:02.145041 237 20.00876701224514 2094.2665426190874 0:00:02.876736 255 
232 38 3119 0:00:05.461246 270 29.152651955461202 2626.63264039445 0:00:03.331168 234 
233 29 3534 0:00:03.101179 323 24.00876701224514 2334.419940538667 0:00:03.418251 263 
234 34 3906 0:00:01.571495 328 27.46673765304631 2279.0209914400857 0:00:01.500427 222 
235 33 3445 0:00:01.264202 249 26.030036747370193 2546.772789508094 0:00:09.309931 233 
236 36 3092 0:00:01.008960 212 29.10382706470161 2967.464208318498 0:00:01.116061 248 
237 31 2942 0:00:04.705475 315 26.877054302287245 1672.4614910025834 0:00:02.361246 169 
238 24 1041 0:00:01.015967 94 20.210904837709432 1934.3740906602009 0:00:03.186030 238 
239 25 1908 0:00:02.789653 195 21.210904837709435 1725.5678601417553 0:00:08.736309 189 
240 28 2650 0:00:01.030980 232 22.95741732923815 1253.2645295154243 0:00:00.399380 134 
241 45 3968 0:00:04.124924 291 36.09453184961617 2914.426164244448 0:00:01.786741 245 
242 34 2007 0:00:03.269109 154 28.349190257286825 2287.780442960222 0:00:03.503408 222 
243 31 2283 0:00:00.570543 193 23.139459827243616 1342.3219712919783 0:00:00.341324 133 
244 34 1788 0:00:02.026967 192 28.304459992877927 1500.8916304096767 0:00:00.290276 136 
245 31 2732 0:00:03.440272 263 26.87705430228724 1373.0135904137815 0:00:02.310197 135 
246 24 2435 0:00:06.903566 278 21.30056307974577 1957.7725136319054 0:00:01.588511 196 
247 27 1684 0:00:02.268158 175 22.29126786466034 1348.7833505617639 0:00:01.978882 157 
248 28 2036 0:00:00.876834 180 23.36505818199175 3371.701306615904 0:00:14.267810 324 
249 31 3411 0:00:05.539300 269 25.45354552482872 1117.2984449848323 0:00:01.935841 113 
250 28 1783 0:00:01.863773 154 23.201807335842545 1716.943066869443 0:00:01.967920 160 
251 29 4378 0:00:06.233929 411 26.30056307974577 1469.1881545103279 0:00:00.620591 143 
252 26 2122 0:00:02.274163 208 22.714776642118863 1373.6896218887587 0:00:08.063670 142 
253 29 1353 0:00:00.339323 93 22.941549404533227 1316.7584515119831 0:00:08.027635 133 
254 36 4526 0:00:14.605177 424 29.64488323791961 2485.3620334550537 0:00:09.808328 222 
255 21 757 0:00:00.888845 85 19.06449510224598 1113.2769546441532 0:00:01.671590 163 
256 22 1012 0:00:00.164156 108 19.30056307974577 623.7394737380606 0:00:00.104099 70 
257 29 2745 0:00:01.939845 205 22.281972649574914 1377.059248488525 0:00:08.444032 123 
258 28 3555 0:00:10.378872 370 20.843766846610826 1336.9115786666189 0:00:02.636509 152 
259 29 1727 0:00:02.303368 129 22.378203601230744 1497.2525200231948 0:00:01.884792 147 
260 24 3152 0:00:01.692743 272 19.543203766865055 1348.1210577278719 0:00:00.288274 120 
261 23 2017 0:00:04.971729 261 20.656854249492383 1531.5987477302385 0:00:02.912770 181 
262 30 3828 0:00:25.809192 384 24.86118637758232 2147.479280668574 0:00:01.045995 214 
263 33 4185 0:00:05.668391 345 26.05909680029271 2360.678782502826 0:00:08.874441 219 
264 40 4021 0:00:00.829790 250 32.651455947539105 3051.021063644481 0:00:05.915626 272 
265 31 2490 0:00:01.356290 235 26.69890871741394 1831.3090792753526 0:00:02.215107 215 
266 32 2736 0:00:03.420254 216 24.413685359532803 1267.1597537139141 0:00:00.340323 114 
267 31 1905 0:00:00.944899 181 25.349190257286825 992.1738177953735 0:00:00.276262 105 
268 36 3557 0:00:04.877379 278 31.373182497877814 1792.6408781190553 0:00:02.042943 160 
269 27 2764 0:00:06.708380 295 22.49847350245616 1448.843223807404 0:00:02.248139 131 
270 30 1176 0:00:00.431411 92 23.60769886911104 1493.492432071853 0:00:01.322257 150 
271 37 1443 0:00:00.254241 117 29.266104724869987 1984.94233478665 0:00:02.442323 191 
272 32 5383 0:00:15.929150 502 24.5180406270747 1636.4526327044503 0:00:03.104953 174 
273 25 1961 0:00:03.542536 209 20.877054302287245 1993.172989908144 0:00:02.711580 261 
274 26 2203 0:00:05.701422 246 21.87705430228725 1855.6041830834743 0:00:02.673543 164 
275 33 1486 0:00:00.492469 115 25.948122114152724 1043.7001210052965 0:00:00.353335 113 
276 28 1772 0:00:01.509487 132 23.69890871741394 1859.7441734172662 0:00:00.689656 176 
277 27 1764 0:00:01.392324 175 23.892922226992173 1685.0436117748948 0:00:02.502380 177 
278 42 3597 0:00:02.766632 246 32.92315668758091 3003.829395581972 0:00:02.989843 272 
279 33 3799 0:00:04.434272 317 27.89024643050483 2507.2697275123005 0:00:08.552134 179 
280 32 2712 0:00:00.740705 172 25.785844453984346 2222.011453298885 0:00:02.428309 200 
281 25 2146 0:00:04.062864 251 22.478708664619077 1350.2773023489672 0:00:02.354240 179 
282 32 1393 0:00:00.160156 94 26.45354552482872 2815.266274789857 0:00:01.458384 234 
283 29 4974 0:00:01.336271 319 23.816456113173423 1817.1062035525301 0:00:04.860623 189 
284 22 1806 0:00:02.613486 172 19.226772762414363 890.8878192585815 0:00:01.783698 98 
285 33 1716 0:00:01.370303 135 26.54052797037772 3344.997637976053 0:00:04.286076 321 
286 38 3009 0:00:00.391373 190 31.088156853215224 2751.8766784656614 0:00:02.175068 248 
287 39 5690 0:00:05.048800 403 31.250434513383603 3026.6405315845077 0:00:03.353189 265 
288 24 1728 0:00:03.632510 156 21.886349517372675 1867.0621139136053 0:00:00.720686 190 
289 27 2352 0:00:03.231073 243 23.210904837709435 2456.2039971059417 0:00:02.913772 261 
290 30 1595 0:00:00.512487 134 23.785844453984343 1376.9610209687708 0:00:02.744611 134 
291 25 2184 0:00:05.937647 223 19.371630891611247 1604.8877250082858 0:00:02.018921 189 
292 38 3141 0:00:02.917776 246 30.7028056305461 2900.991594977206 0:00:01.636608 246 
293 33 2931 0:00:02.397280 241 25.620890997328623 2348.892240971974 0:00:02.425307 181 
294 32 1950 0:00:01.563487 160 25.35576296690632 1295.943647893121 0:00:01.829740 104 
295 31 3140 0:00:17.145307 311 25.349190257286825 1299.541804571076 0:00:01.791704 121 
296 30 2385 0:00:00.907864 198 24.19348530673794 1292.1689402474815 0:00:02.234260 122 
297 33 3630 0:00:26.721377 351 26.689613502328513 2029.7708507198993 0:00:02.525401 185 
298 30 1130 0:00:00.411391 84 24.93497669491373 2233.2388453701674 0:00:07.984594 224 
299 35 4348 0:00:03.816630 371 27.731865683468612 1978.3742999814997 0:00:04.603378 187 
300 30 4078 0:00:06.078782 372 25.36505818199175 1585.841756463636 0:00:02.488367 172 
301 25 1279 0:00:01.479408 117 20.950844619618657 1390.7284509546485 0:00:03.946753 163 
302 24 2955 0:00:02.064964 250 22.242640687119287 2109.000116153415 0:00:01.897843 220 
303 27 1916 0:00:09.838357 199 22.14218233270955 1460.520577647818 0:00:07.859475 181 
304 32 2844 0:00:02.705573 256 25.97060945745574 2049.8299455868682 0:00:08.064670 198 
305 31 4603 0:00:09.268816 473 25.957417329238154 2036.4718903598284 0:00:01.746661 201 
306 36 2357 0:00:00.877864 174 27.858463872116385 3070.917989774604 0:00:00.970924 274 
307 31 4029 0:00:09.205756 373 24.177617382033016 1460.6939402652451 0:00:01.999902 153 
308 28 1506 0:00:03.798678 168 23.469413449533647 1345.1714667681656 0:00:01.945851 182 
309 19 1461 0:00:00.613583 161 17.019764837837084 1414.371690878475 0:00:02.476355 169 
310 34 3340 0:00:03.640463 304 28.93497669491373 2206.2323708742724 0:00:00.840800 192 
311 35 3601 0:00:06.679352 353 27.747535894954996 2444.742412329774 0:00:09.359983 217 
312 32 4108 0:00:01.140084 336 26.965541645124215 1349.1131848175196 0:00:01.795758 154 
313 23 2371 0:00:04.144943 277 20.99070478491457 2079.566127591692 0:00:03.752569 199 
314 36 3410 0:00:05.200947 304 30.23066967554652 2092.318986662059 0:00:02.158053 210 
315 37 4541 0:00:15.919241 429 31.34919025728683 2673.5127905585605 0:00:01.582506 219 
316 44 3331 0:00:05.467200 234 36.76997652927942 2517.5742854471196 0:00:02.928785 196 
317 27 3413 0:00:05.311051 305 22.54320376686506 1662.58969949122 0:00:09.371357 157 
318 32 1102 0:00:00.475452 92 25.56296860470214 1161.571106253519 0:00:02.042943 136 
319 23 2030 0:00:00.857816 191 19.210904837709435 2440.6312444821224 0:00:05.358096 285 
320 26 2802 0:00:07.650422 272 21.395623132202235 1323.9522427610584 0:00:00.310295 126 
321 35 2170 0:00:00.764728 159 28.718673555251023 2539.738046008162 0:00:01.810774 251 
322 28 2250 0:00:00.896853 200 23.803263984955834 2445.6300643698546 0:00:02.600473 226 
323 31 1856 0:00:00.261248 139 26.47753776541971 1812.4748082287322 0:00:00.823823 191 
324 36 2684 0:00:02.194087 168 29.355762966906322 2488.313944974982 0:00:03.906716 210 
325 25 2374 0:00:06.324015 211 21.640986324787455 1896.7631013539942 0:00:02.581516 193 
326 38 3553 0:00:13.548886 306 29.041677269321216 2635.3600953873292 0:00:04.312158 226 
327 31 3664 0:00:02.821684 279 24.562968604702142 1341.2247220515467 0:00:02.154048 163 
328 40 4177 0:00:02.624496 330 31.605023072623702 3131.915475523197 0:00:11.602303 282 
329 27 1949 0:00:04.226019 225 21.957417329238154 2256.1278727365943 0:00:01.379313 237 
330 36 2973 0:00:03.712531 270 28.5776656302077 2036.068884745469 0:00:02.491370 198 
331 41 6162 0:00:19.327437 491 31.9148813674549 2087.2903501160863 0:00:07.830448 189 
332 32 1652 0:00:01.910817 152 26.11969498940653 2026.1283696593405 0:00:02.697566 200 
333 35 1795 0:00:01.246311 153 29.52733584216013 1990.5290463553406 0:00:00.467545 163 
334 34 3256 0:00:01.544469 240 25.75410860457449 2582.2437734002565 0:00:02.760625 270 
335 27 1881 0:00:03.014867 149 24.07768723046357 1228.7266026135453 0:00:00.288274 113 
336 34 2606 0:00:08.083689 248 26.696186211948007 1654.5763521464892 0:00:01.887795 148 
337 33 3381 0:00:06.197932 301 29.18033988749895 1334.4082442388112 0:00:00.245233 99 
338 38 3485 0:00:01.470435 270 31.718673555251023 2303.9663651314054 0:00:02.647569 212 
339 29 3259 0:00:10.036347 257 23.148755042329046 2956.030233715694 0:00:12.449881 307 
340 40 3592 0:00:02.942799 272 31.426877487750392 2748.4621424255597 0:00:04.104904 270 
341 35 2058 0:00:01.525450 155 28.941549404533223 1907.1544037077535 0:00:03.578404 175 
342 34 4525 0:00:08.797520 438 27.82302882279292 1950.3592125581167 0:00:01.143088 188 
343 37 3267 0:00:03.830644 297 29.954741532750813 1713.9972093694942 0:00:02.112009 143 
344 30 2622 0:00:02.449329 220 24.934976694913725 1403.7208686456438 0:00:00.293279 120 
345 31 2114 0:00:03.170015 211 24.26630243808853 2267.987582770809 0:00:09.604071 239 
346 28 2120 0:00:07.311954 180 22.883627011906743 1408.1727089603708 0:00:04.574351 158 
347 33 1999 0:00:00.685652 121 26.941549404533227 2693.332522157148 0:00:08.528111 223 
348 32 3569 0:00:05.062815 262 23.805609291821426 1505.4867224592565 0:00:00.895852 180 
349 39 3941 0:00:10.386879 353 31.346665465039436 2771.6383136032728 0:00:01.452381 247 
350 30 4571 0:00:34.073407 454 24.51166563067375 1622.6281601712185 0:00:02.079980 142 
351 27 1903 0:00:00.703670 145 22.00876701224514 1192.7513052982922 0:00:00.154146 101 
352 26 1904 0:00:01.780692 164 23.656854249492383 1738.4987041796796 0:00:08.459046 188 
353 33 3856 0:00:02.072972 271 27.081584143595727 2083.9689009417816 0:00:00.975928 177 
354 30 3685 0:00:07.687311 350 25.06177259678004 2471.075591907752 0:00:03.184028 282 
355 33 6022 0:01:03.436008 595 26.718673555251026 3086.527657783067 0:00:01.720636 255 
356 32 2235 0:00:00.488627 170 25.896819140124332 1273.1582686476415 0:00:07.538170 138 
357 21 1735 0:00:05.727763 177 17.12899020449196 1368.5320787218807 0:00:04.555332 175 
358 30 2527 0:00:13.023891 242 24.73454147995595 1632.5296835644572 0:00:01.159103 180 
359 37 3175 0:00:02.884786 217 29.22137446046109 2261.184212312579 0:00:00.513488 169 
360 36 3786 0:00:03.396461 252 29.941549404533227 2636.5273540798908 0:00:09.222770 226 
361 35 5891 0:00:59.738149 521 27.190809510250606 2607.7127981930807 0:00:01.141085 237 
362 32 6647 0:00:20.798565 558 26.371630891611247 2643.997010533399 0:00:01.219160 224 
363 33 2237 0:00:02.103000 193 25.44425030974329 2809.1646014392372 0:00:09.371988 275 
364 24 1667 0:00:01.163107 138 20.12899020449196 2210.0110996815733 0:00:01.416347 232 
365 29 2486 0:00:06.277971 203 25.418110475505255 1418.7517245865135 0:00:00.417396 125 
366 30 2175 0:00:01.218159 178 23.53390855177963 1938.3194720008562 0:00:02.355240 226 
367 33 2281 0:00:05.897610 201 28.113122279787035 2220.761889071056 0:00:00.999951 191 
368 32 3834 0:00:05.839602 344 25.615823184997097 2754.5644709179496 0:00:01.418349 240 
369 33 3564 0:00:03.333171 287 29.41811047550525 2171.8659187771755 0:00:02.137084 193 
370 40 2350 0:00:04.612456 228 32.547100679997214 2287.779155774693 0:00:00.327311 158 
371 25 2087 0:00:01.566490 201 20.186912597118447 1721.547440176596 0:00:01.386319 199 
372 28 2642 0:00:06.804471 252 23.21747754732893 1367.864202995604 0:00:00.323308 120 
373 31 3408 0:00:06.974633 331 26.11312227978704 2023.8620237204286 0:00:00.616587 193 
374 28 3290 0:00:07.011741 304 22.99460169804673 1773.6375437596466 0:00:01.245185 180 
375 29 3845 0:00:06.494176 365 25.284695155040843 3009.635754774821 0:00:06.382070 279 
376 42 3631 0:00:00.437416 230 32.4036146716851 4322.39723505378 0:00:04.713483 314 
377 23 1526 0:00:00.759723 151 18.594553449872045 1110.1686516037305 0:00:07.821439 123 
378 34 4388 0:00:06.686359 412 28.230669675546515 1946.0939018339766 0:00:00.554528 156 
379 39 3900 0:00:05.279159 307 29.929776106179006 2407.1995039121925 0:00:08.739312 197 
380 36 3043 0:00:05.546275 302 29.61431828770913 1475.6955957965638 0:00:00.274260 120 
381 31 1712 0:00:01.255192 123 24.896819140124332 2121.7755922695587 0:00:00.716682 197 
382 30 2647 0:00:03.996802 278 24.01533972186464 2250.78431806909 0:00:02.167061 240 
383 33 2404 0:00:01.399331 211 26.35576296690632 2964.7054405768667 0:00:16.094753 321 
384 30 4433 0:00:23.111982 402 24.705481427033437 2710.184663841381 0:00:10.054563 290 
385 31 3251 0:00:14.102413 309 25.66075116262454 2060.8918624881917 0:00:04.028832 217 
386 34 2237 0:00:12.575961 166 28.119694989406533 2403.550835195901 0:00:02.169063 238 
387 41 3289 0:00:14.464757 293 31.330599827115968 2669.754773362291 0:00:03.198042 239 
388 40 2766 0:00:00.483520 184 31.53123275529229 2075.723240634733 0:00:04.034838 180 
389 37 2148 0:00:01.854764 139 29.8809512154194 2598.344324728927 0:00:01.025976 247 
390 38 3671 0:00:06.624300 334 30.76997652927942 2326.9844919161865 0:00:02.539468 172 
391 31 1299 0:00:00.690656 109 24.35576296690632 1790.4847004630783 0:00:07.601230 191 
392 38 2841 0:00:16.223431 242 30.065669509912208 2102.381792670485 0:00:01.983886 208 
393 45 5354 0:00:03.149996 391 34.22376647630528 3074.3008621306994 0:00:02.815678 231 
394 34 2501 0:00:05.384121 254 27.97060945745574 2106.2478653660883 0:00:07.633260 184 
395 33 4131 0:00:47.700381 413 27.527335842160127 2888.920777003425 0:00:04.172967 279 
396 32 2841 0:00:04.780857 278 27.551328082751116 3220.1993605551697 0:00:01.895802 268 
397 33 1807 0:00:06.920970 197 26.177617382033013 1469.2204416505192 0:00:02.212104 137 
398 38 3761 0:00:01.653660 278 30.413685359532806 1419.239370272747 0:00:01.064011 124 
399 39 3194 0:00:00.944898 203 32.28197264957491 2658.701108622325 0:00:02.388272 219 
400 34 3073 0:00:08.031638 306 26.725246264870524 2695.672608550366 0:00:03.718593 258 
401 35 1967 0:00:00.499475 145 27.843766846610826 2641.9914100793103 0:00:02.917830 249 
402 30 2870 0:00:01.708625 280 24.756831110040423 1094.0965094919454 0:00:01.816783 112 
403 33 2054 0:00:02.411294 199 25.747535894954993 1878.0082780745518 0:00:00.778740 165 
404 28 3561 0:00:06.318010 366 21.941549404533227 1762.3393167273568 0:00:08.244842 168 
405 31 6345 0:00:18.227336 569 25.304459992877927 1433.7013772433536 0:00:00.517492 117 
406 36 4800 0:00:11.063595 464 29.110446483299693 1692.9519814602725 0:00:01.870835 152 
407 43 3749 0:00:07.252898 277 34.1526519554612 2131.9269857260106 0:00:02.056956 157 
408 32 3407 0:00:11.323770 290 24.39139572944833 1628.0815928204274 0:00:02.110007 202 
409 39 4597 0:00:02.764629 325 30.12359190253869 2164.0833116484637 0:00:00.279266 161 
410 32 3671 0:00:03.339175 230 25.489178287370734 1947.1458145078145 0:00:01.572496 210 
411 35 2831 0:00:04.824588 265 28.3333223325819 1951.0300966508403 0:00:02.416298 207 
412 36 2812 0:00:04.275065 280 28.2951647777925 2571.720609485369 0:00:01.218159 228 
413 35 2564 0:00:06.097800 227 28.82302882279292 2879.609939415698 0:00:01.597519 259 
414 36 4396 0:00:07.836454 352 29.69638392516655 2241.4581747147104 0:00:00.839798 200 
415 41 4232 0:00:10.949414 387 33.26610472486998 3193.7833948314633 0:00:02.466346 301 
416 40 3172 0:00:06.933597 260 30.531186046313692 2389.468765009118 0:00:02.690557 182 
417 29 2621 0:00:02.060960 237 24.469413449533644 1580.05711355867 0:00:02.513390 137 
418 30 2012 0:00:04.990747 204 23.12626769902603 848.6188115302182 0:00:01.653572 88 
419 33 5308 0:00:18.535093 443 25.93245190266634 1548.1513519551388 0:00:07.465157 131 
420 42 6030 0:00:08.642220 436 33.019236634996794 2161.3722326065335 0:00:03.101997 208 
421 25 2305 0:00:02.224115 197 22.077687230463567 2425.6675992297032 0:00:03.881742 267 
422 34 2038 0:00:00.803765 128 25.961314242370314 2744.7244081709728 0:00:02.685554 270 
423 47 4530 0:00:00.760723 283 36.47720727579796 3336.291011054203 0:00:02.447328 305 
424 34 1714 0:00:02.746664 160 27.028531850082224 1532.2292803410992 0:00:01.126071 142 
425 29 2224 0:00:06.797465 251 23.95741732923815 1989.7027504780012 0:00:00.613583 175 
426 44 4781 0:00:00.621592 266 34.16584408367879 2309.165257747656 0:00:01.126916 186 
427 27 1402 0:00:00.595566 143 23.389050422582738 1643.4564173477875 0:00:02.578453 175 
428 40 5766 0:00:34.510823 532 31.174941585545678 2786.4710204098146 0:00:03.805620 222 
429 23 1891 0:00:03.350187 173 19.87048159266775 1404.864551205615 0:00:07.092745 169 
430 28 2700 0:00:03.166011 248 22.32690062720235 1412.7372520120803 0:00:00.844804 154 
431 29 3218 0:00:03.133980 271 25.13711452037802 1791.6169904092121 0:00:00.410391 139 
432 34 4173 0:00:26.405114 370 28.482605577751233 3737.6590760695026 0:00:03.592530 350 
433 33 3431 0:00:08.885450 293 25.465035042539792 2029.7653950941622 0:00:02.427309 197 
434 32 2078 0:00:02.599473 208 26.52733584216013 1338.2992046769866 0:00:01.970874 112 
435 29 2939 0:00:15.576815 297 23.964036747836246 2015.5124228136503 0:00:00.894851 203 
436 28 3711 0:00:03.173016 294 22.631691109702025 1276.344964587914 0:00:00.555528 140 
437 33 3913 0:00:07.095749 389 27.705481427033433 3028.9682363738257 0:00:09.876393 267 
438 42 3971 0:00:06.492175 302 32.0995996619477 1630.3656244721883 0:00:00.132125 98 
439 33 3120 0:00:03.745562 247 27.0234640377507 1951.2375847696853 0:00:03.494324 205 
440 34 2384 0:00:01.385317 192 26.079834824110613 2739.1651665781824 0:00:09.778300 260 
441 35 2932 0:00:00.381362 195 28.970609457455737 3692.187350923749 0:00:03.752569 339 
442 36 3376 0:00:01.352286 228 28.5180406270747 1797.683620961231 0:00:01.932838 166 
443 33 2453 0:00:16.689873 225 27.683040792709015 1827.3480084122461 0:00:02.642514 183 
444 36 3452 0:00:03.081689 272 31.06839201537814 2776.779553828665 0:00:01.735651 230 
445 41 2814 0:00:01.417276 171 31.10772397783376 2753.7269855608206 0:00:02.479358 187 
446 34 4081 0:00:03.209052 298 26.213250144575024 1773.8519132487481 0:00:00.370352 138 
447 41 3297 0:00:01.800713 237 31.700280838298706 3284.0006993620805 0:00:03.633456 295 
448 34 2770 0:00:01.172115 176 29.803263984955834 2913.381585336184 0:00:01.479407 274 
449 33 3161 0:00:04.192988 253 26.85208887571543 2373.2465842556817 0:00:08.582350 213 
450 46 2892 0:00:04.703474 240 35.80293349533409 3463.5092100633738 0:00:02.691560 290 
451 37 3498 0:00:04.438273 255 30.251407699364425 2607.0333629517504 0:00:02.180073 179 
452 28 3324 0:00:08.319913 296 24.389050422582738 2160.3550766063954 0:00:05.097848 220 
453 41 7773 0:00:07.560385 661 33.77659594787751 2493.7573005992044 0:00:00.759722 171 
454 26 2042 0:00:02.899880 192 22.53663105724556 1384.7059379630743 0:00:02.414348 162 
455 29 1724 0:00:02.079977 171 25.46284073991415 1624.2078627248738 0:00:01.416347 195 
456 30 4548 0:00:07.306950 352 24.68304079270901 1276.1033130053777 0:00:00.199189 118 
457 31 3033 0:00:02.247137 193 24.266302438088527 1592.418441077025 0:00:07.585347 133 
458 42 2523 0:00:00.596567 154 32.4268307787718 2554.35943740309 0:00:02.517394 200 
459 31 1375 0:00:00.152144 101 25.408815260419825 2056.6724201913544 0:00:02.219111 191 
460 38 3791 0:00:11.525962 350 29.635588022834188 3076.752347337827 0:00:05.622347 302 
461 31 3502 0:00:06.599277 319 25.148755042329046 1509.8077946858773 0:00:01.002954 163 
462 42 4182 0:00:03.819633 304 32.64065583516571 2098.5265601809892 0:00:01.007959 192 
463 23 4304 0:00:47.434115 487 20.478708664619074 1220.6229483444356 0:00:03.246087 141 
464 36 2797 0:00:01.550475 234 28.442745412455317 1676.726867676008 0:00:08.001610 142 
465 31 3015 0:00:03.471351 289 26.62511840008253 2949.6889546436064 0:00:03.121969 267 
466 34 2919 0:00:01.009961 226 26.547100679997214 1601.9528043333512 0:00:00.348331 152 
467 35 2256 0:00:02.002905 199 27.354789780925497 1891.8861637381785 0:00:00.948903 183 
468 28 1551 0:00:02.297184 142 21.71205413665293 1584.0070057765408 0:00:00.391372 146 
469 35 2672 0:00:00.691657 163 28.030036747370197 2034.680171634009 0:00:00.485462 147 
470 30 4665 0:00:15.047311 434 24.326900627202352 2572.652938405283 0:00:02.650521 264 
471 35 3412 0:00:02.604527 295 28.20005801635744 2223.437574590965 0:00:00.833793 201 
472 40 2040 0:00:03.213056 152 30.27774524682101 1592.0178660823512 0:00:01.740655 138 
473 39 3409 0:00:06.188886 237 31.03510455970172 2458.0197099539355 0:00:08.255853 219 
474 30 2140 0:00:02.122019 184 24.25311030987094 2884.187144971113 0:00:10.111617 274 
475 39 4178 0:00:06.051756 263 30.6646480757567 2687.080251546595 0:00:02.519396 213 
476 38 2855 0:00:03.396230 218 29.73843839308811 2046.075562858098 0:00:00.652620 156 
477 27 4991 0:00:16.855328 513 21.556395895082645 989.1279621782555 0:00:00.564590 121 
478 40 4745 0:00:03.582430 334 31.53123275529229 3423.126253652364 0:00:01.678596 252 
479 31 4151 0:00:11.028704 365 24.941549404533227 2029.5710430565414 0:00:01.992895 219 
480 34 2933 0:00:06.368057 266 26.59183094440611 2080.3057576805445 0:00:02.769634 244 
481 29 5341 0:00:05.086838 501 24.469413449533647 1607.5606530502296 0:00:02.772637 189 
482 34 2744 0:00:02.851733 220 28.80983669457533 1532.8079315092368 0:00:00.633602 144 
483 37 3039 0:00:03.874685 217 28.634083125546216 2247.1282222580476 0:00:00.869827 223 
484 36 5661 0:00:29.242414 510 28.821326212286408 1579.3906252835618 0:00:00.336320 130 
485 35 5347 0:00:04.410195 373 29.052524090673213 2430.825165634674 0:00:03.302140 207 
486 42 3372 0:00:05.399135 268 32.71595104978509 2016.6910115605087 0:00:01.734650 144 
487 31 4027 0:00:07.773393 389 25.89024643050483 1824.6742010975695 0:00:03.095945 185 
488 32 1907 0:00:02.535412 158 26.705481427033437 2349.510662933967 0:00:08.212811 228 
489 33 3769 0:00:05.941651 277 26.13288711762412 1902.1250777261594 0:00:04.415199 183 
490 28 1254 0:00:00.653622 120 24.05519988716055 1984.280821399304 0:00:02.677547 222 
491 29 1720 0:00:01.892880 167 23.779271744364845 2063.0948728328476 0:00:08.820389 233 
492 26 1897 0:00:03.401235 166 22.714776642118863 1503.6942429527721 0:00:01.248187 180 
493 39 2335 0:00:02.170064 193 29.738240679869563 2481.292422984132 0:00:03.105954 271 
494 36 2404 0:00:01.801713 192 28.362335676525813 2125.3303130651225 0:00:04.198045 226 
495 29 5010 0:00:09.278826 443 23.556395895082645 2677.44215398955 0:00:13.072433 255 
496 40 3069 0:00:07.484156 242 32.072288928510304 2116.7270805092253 0:00:02.133029 168 
497 29 2930 0:00:02.559434 247 24.113122279787035 2152.655069617183 0:00:02.784649 225 
498 30 2668 0:00:02.945852 252 24.04590467207512 1592.222756747807 0:00:02.495423 162 
499 29 1803 0:00:05.803682 189 22.896819140124332 1500.0073244810897 0:00:02.406288 189 
